5551771582740435|02|2025|436
5551773148718442|04|2025|087
5551771155746801|09|2027|750
5551776855063753|03|2024|757
5551778337543642|08|2026|545
5551771411851734|05|2026|170
5551776657024607|07|2026|688
5551772080322403|03|2026|505
5551776885808888|03|2025|652
5551777174013461|06|2026|385
5551772371376324|02|2025|585
5551776355748630|07|2024|536
5551776865875766|07|2024|860
5551772711503140|01|2025|270
5551772513235511|10|2027|348
5551771884284173|05|2026|161
5551777268237265|03|2027|366
5551771634057655|10|2024|681
5551773868056312|01|2024|207
5551772843766706|06|2025|631
5551773102042243|01|2027|357
5551771856687734|08|2024|235
5551774757521473|05|2027|167
5551778177388462|06|2024|740
5551770716382486|02|2025|506
5551772240456513|09|2025|282
5551776231263226|07|2024|675
5551772026370300|07|2024|428
5551776553665263|12|2024|340
5551773447188271|10|2025|335
5551773322855473|07|2027|382
5551777521524814|09|2024|763
5551775502160475|01|2026|761
5551771884431816|07|2024|147
5551772640474520|08|2027|746
5551770613633585|04|2025|243
5551774101246181|09|2027|837
5551776721351838|12|2024|802
5551770866660434|01|2026|760
5551773075173066|03|2027|134
5551776278246530|10|2024|714
5551777614604663|05|2027|256
5551772645727518|06|2024|388
5551776504782423|02|2024|868
5551775027662013|08|2027|107
5551778864824258|11|2025|756
5551776317688676|03|2024|171
5551774164340715|08|2025|375
5551775388148743|06|2024|727
5551774812724336|08|2027|102
5551771385331036|07|2027|762
5551775803728004|09|2024|732
5551775074136432|01|2027|506
5551774246014627|10|2025|472
5551776642016874|11|2024|610
5551773466375551|06|2025|538
5551774284028653|06|2024|275
5551771271053785|11|2024|640
5551778624078856|05|2024|048
5551771356328433|10|2024|444
5551776411168682|03|2027|706
5551773541644013|08|2025|380
5551772112742180|03|2024|726
5551772157858180|04|2025|534
5551775681675681|12|2024|360
5551778873520715|02|2024|776
5551775062300800|08|2024|530
5551773052476045|01|2025|626
5551777382486574|03|2025|886
5551777672072217|10|2025|680
5551772306187465|04|2025|451
5551774436836326|05|2027|066
5551775844425057|01|2026|107
5551773824461713|07|2027|666
5551770431534411|06|2024|523
5551776315232584|09|2024|355
5551773586613303|12|2024|530
5551770875348567|11|2026|037
5551774853376616|04|2025|777
5551775605716868|11|2024|468
5551771257424521|07|2024|836
5551775551780546|04|2025|684
5551778106648705|02|2027|583
5551772217438825|08|2027|744
5551778468456168|02|2024|244
5551773455507081|11|2026|512
5551776815355208|02|2024|623
5551774181287345|03|2024|141
5551775741264757|12|2025|485
5551771703086031|03|2026|650
5551771747236253|12|2025|051
5551774268340462|10|2027|083
5551771102076674|12|2025|255
5551774705278242|09|2024|604
5551778345100344|07|2024|375
5551771712821048|10|2025|731
5551775077033222|08|2024|018
5551772734440106|11|2027|528
5551775736480731|09|2024|335
5551773150023806|11|2026|820
5551777743571445|08|2024|163
5551773476330307|01|2027|477
5551775636226515|05|2027|864
5551774445360037|08|2026|262
5551772266181136|05|2026|017
5551770350152708|08|2024|255
5551778004121227|02|2025|772
5551774320756622|08|2026|646
5551772257568150|05|2025|085
5551772403237064|01|2026|844
5551776582403165|04|2027|818
5551775443470108|04|2024|626
5551774370613517|07|2025|350
5551778446112503|01|2027|504
5551778783002333|01|2025|467
5551772050621032|03|2027|466
5551774138227246|01|2026|527
5551774042580680|06|2025|210
5551778683742681|01|2024|611
5551778315201734|07|2024|257
5551771784333260|09|2024|346
5551772455420337|12|2027|748
5551775477130701|07|2026|733
5551772738223276|07|2025|332
5551778720051617|12|2026|674
5551775012354857|11|2024|045
5551778675745718|11|2025|574
5551778004406735|06|2024|286
5551771871240204|10|2027|710
5551776034803202|02|2026|617
5551771003084082|01|2024|355
5551772733631838|03|2026|031
5551771156562512|05|2027|874
5551772022433888|04|2027|488
5551775624772686|06|2027|873
5551777588353412|05|2027|355
5551773725032431|06|2027|812
5551774774718706|03|2025|680
5551772341053722|10|2027|145
5551778707140573|10|2026|515
5551770834030868|07|2025|834
5551775265207513|08|2025|257
5551775187144778|08|2026|531
5551773408751158|01|2025|014
5551775425174884|08|2026|844
5551772022682708|11|2024|775
5551772756868648|03|2027|441
5551778816575123|02|2026|813
5551770142312701|01|2027|247
5551773140483318|04|2024|786
5551777831245415|05|2024|226
5551778484770543|08|2026|861
5551774577076054|07|2024|504
5551778010136136|04|2024|411
5551777688570618|05|2026|845
5551777226032352|06|2027|537
5551778163218020|10|2025|863
5551770120124813|11|2026|768
5551771638280188|11|2026|252
5551775135452836|02|2024|285
5551777744517132|01|2024|652
5551775066324475|06|2026|126
5551775704023703|08|2026|132
5551778700654752|10|2026|867
5551773067655708|02|2027|764
5551775207368670|07|2024|458
5551773371284005|12|2027|540
5551776743770775|02|2026|200
5551773704246655|07|2026|608
5551774710662281|05|2024|358
5551774716701620|04|2027|341
5551778301801125|03|2024|116
5551776857458373|06|2025|332
5551771870058268|08|2027|556
5551772177072853|07|2025|278
5551770476612114|07|2026|088
5551771078400528|10|2025|075
5551772677141661|11|2027|441
5551773045850868|05|2026|744
5551770337666002|09|2024|038
5551773056114063|12|2024|783
5551772156017226|03|2025|727
5551773444766640|10|2027|254
5551772003076185|10|2027|667
5551777034057880|04|2026|433
5551770361560477|03|2026|351
5551772457228506|01|2024|764
5551775864307524|05|2024|575
5551777242008238|10|2027|605
5551777737574561|01|2025|340
5551770378257554|12|2026|318
5551773543676302|04|2027|045
5551771083606168|06|2025|448
5551774128074475|11|2025|686
5551778537073648|09|2027|433
5551771466154265|03|2027|660
5551777203433433|05|2026|045
5551776644236371|02|2026|583
5551770035875335|02|2025|734
5551775571245611|02|2025|746
5551777258306153|12|2027|813
5551773765300730|12|2027|152
5551777732747840|05|2024|636
5551772667447516|09|2025|268
5551774587184385|02|2024|371
5551778573544734|11|2025|571
5551770085550713|12|2024|678
5551777063776673|08|2027|022
5551777758504547|09|2026|650
5551775000787761|07|2027|656
5551771763354717|10|2026|387
5551775676013583|10|2025|527
5551774083032351|07|2024|083
5551772818404317|05|2026|402
5551773067552665|09|2025|811
5551778030223682|06|2024|656
5551771383474820|06|2027|534
5551778512554273|08|2025|068
5551776010032743|11|2025|554
5551771666581531|10|2026|658
5551772755304041|05|2027|432
5551777745823430|04|2027|026
5551774232171878|08|2025|066
5551771876005636|07|2025|416
5551774764133312|05|2024|848
5551776446501675|05|2025|331
5551773425262080|02|2025|300
5551774618754073|12|2025|451
5551774608742088|04|2024|871
5551778122824025|06|2027|065
5551774241443623|11|2027|835
5551774745707556|10|2025|642
5551770662300383|02|2027|855
5551770442360756|11|2025|264
5551774381472655|10|2026|607
5551771630574067|05|2025|764
5551773484004837|10|2026|356
5551771114385683|01|2025|026
5551771123767087|11|2025|037
5551777702743308|11|2025|247
5551773075704738|03|2025|482
5551775103135587|02|2027|457
5551774827344245|07|2027|432
5551776487330158|07|2024|040
5551770838244671|08|2024|870
5551773741370252|04|2026|580
5551774176562355|11|2026|482
5551770350047460|05|2026|074
5551778604456213|05|2027|477
5551776212833476|08|2026|121
5551771103172274|02|2026|216
5551774224377533|02|2026|236
5551777125327770|10|2027|542
5551778372122070|06|2027|831
5551771705844031|12|2027|452
5551775411060527|02|2024|713
5551777417773830|06|2024|868
5551777206505377|12|2025|625
5551778217280406|08|2027|424
5551773453534566|04|2027|776
5551774110551670|07|2027|187
5551776545868371|11|2024|435
5551777708437830|11|2026|752
5551775366038155|01|2025|440
5551774021005022|01|2026|842
5551774024236236|12|2025|783
5551773078341306|09|2024|722
5551775807333645|08|2025|061
5551773147123107|12|2026|433
5551778331460306|05|2024|024
5551770170882468|09|2024|221
5551772818161008|12|2025|887
5551777835400123|02|2024|507
5551770151200383|01|2024|833
5551771161674435|08|2025|766
5551773434223404|07|2024|717
5551778604411226|03|2024|603
5551770673064523|02|2024|175
5551774166177206|07|2025|233
5551777106358463|04|2024|357
5551771825357617|12|2025|838
5551773445580818|02|2024|860
5551775316216281|04|2025|558
5551778660136873|06|2027|226
5551776745135233|10|2025|264
5551775862584603|06|2025|220
5551778020432145|09|2027|761
5551771142542032|05|2026|347
5551777044405160|05|2027|002
5551773348080460|04|2026|002
5551770053526810|11|2025|370
5551777205440550|02|2027|231
5551773607625070|09|2027|054
5551777701150604|07|2026|535
5551777401405761|01|2025|075
5551775535106420|07|2024|823
5551775857845787|10|2025|303
5551778117015027|05|2024|023
5551775156708355|05|2027|747
5551775020460241|11|2025|425
5551778271885231|11|2027|188
5551771653860724|06|2026|138
5551778747576661|11|2026|802
5551777807182543|12|2024|355
5551773637243746|02|2027|208
5551773272682851|12|2026|747
5551775424103330|02|2026|631
5551776335205826|06|2024|163
5551778474801613|03|2024|682
5551772588616041|02|2024|017
5551776000056207|04|2026|420
5551770467188223|03|2026|758
5551775128582524|05|2027|600
5551772782631754|10|2024|467
5551775251318365|05|2027|364
5551770125551150|07|2025|766
5551773258601867|11|2026|064
5551774845447871|10|2024|374
5551778284244475|10|2025|804
5551773765060557|10|2025|156
5551775050808772|01|2027|711
5551775660324244|05|2025|866
5551774161326071|05|2025|222
5551772710482072|06|2025|564
5551778470055123|04|2025|586
5551774652780158|01|2024|633
5551776665450174|01|2026|871
5551776361472241|01|2024|740
5551777338413433|04|2024|218
5551772188875187|08|2024|354
5551774767565627|05|2027|045
5551778535580776|11|2025|773
5551775081521337|08|2025|678
5551771232300382|01|2025|803
5551770635848435|10|2025|585
5551778530626681|09|2025|245
5551776057471424|09|2027|140
5551772640651507|09|2026|751
5551770643333461|04|2024|877
5551771375178256|06|2024|676
5551772643244458|08|2024|026
5551770411337272|02|2027|681
5551773623803875|08|2027|218
5551771585310566|06|2025|807
5551775814668348|03|2026|511
5551777862662074|10|2025|620
5551778485067105|07|2025|043
5551777547107156|05|2027|670
5551771375514567|10|2027|101
5551774806878163|06|2027|567
5551775727141573|02|2027|131
5551778111038033|08|2027|746
5551770534581327|12|2027|775
5551773761808371|01|2027|483
5551773301554071|04|2024|261
5551778407365082|05|2025|634
5551776482162804|11|2026|516
5551776133082161|05|2026|708
5551776362428382|07|2026|371
5551770686038050|02|2024|440
5551776516828156|07|2026|176
5551770638702324|04|2024|710
5551770208214254|12|2024|876
5551770665748406|01|2026|210
5551775810638345|01|2025|843
5551770671775773|01|2027|534
5551770186826467|09|2027|328
5551772767040542|01|2024|386
5551776364453123|01|2025|573
5551774218376731|07|2027|067
5551776384134521|01|2025|334
5551771160367270|11|2027|417
5551775305478173|10|2025|733
5551776187037111|11|2024|515
5551770460008444|04|2024|032
5551770373404508|06|2024|235
5551774528176144|12|2026|454
5551772735356111|04|2026|415
5551772636352045|12|2025|817
5551770318066388|10|2026|820
5551776302183600|07|2026|712
5551778568438488|02|2026|018
5551776111542855|03|2026|602
5551770864600325|11|2024|466
5551778102058537|05|2025|878
5551772371520517|09|2027|735
5551774371444516|05|2025|376
5551777027443287|10|2027|163
5551771852138658|05|2026|866
5551770557142627|03|2024|053
5551770254577182|09|2025|200
5551772164123610|12|2025|564
5551773562024020|04|2026|407
5551773331182208|02|2026|171
5551775455446681|03|2025|343
5551778433513838|03|2027|750
5551775128583530|06|2024|144
5551775103038377|10|2026|112
5551775132572446|03|2025|135
5551778676232633|11|2024|618
5551774570850455|03|2026|314
5551770831807680|09|2024|764
5551774618620357|06|2026|724
5551776423625133|11|2025|225
5551776181354876|01|2026|828
5551775551821472|04|2024|864
5551777848441171|01|2027|381
5551776761182150|02|2025|710
5551777867426616|12|2026|242
5551775820167202|08|2027|756
5551770028671220|07|2024|207
5551776785026110|01|2026|854
5551774386833125|03|2026|018
5551772546832284|12|2027|220
5551775523668373|05|2024|145
5551778784820006|04|2024|835
5551774521300402|08|2024|288
5551776422530516|09|2024|254
5551775605482651|02|2027|407
5551771478541830|08|2025|562
5551778458055608|01|2024|134
5551774585638465|07|2024|275
5551773106073863|06|2027|705
5551773885103345|09|2024|242
5551772643116763|08|2026|068
5551773580174856|08|2025|507
5551778777730865|08|2024|114
5551777212088665|08|2027|333
5551773268048562|05|2026|715
5551771631624028|05|2025|160
5551778865087012|12|2027|660
5551778652268361|03|2025|655
5551778504208573|07|2024|781
5551775470748160|03|2026|858
5551775706173233|03|2025|322
5551775625117485|09|2027|630
5551776711515517|07|2027|702
5551772216365441|11|2024|724
5551778114478087|06|2026|220
5551771140868215|03|2027|124
5551778841733648|11|2026|711
5551770822467502|02|2026|164
5551776760868015|03|2025|311
5551778577152740|10|2026|052
5551776063007741|06|2024|261
5551775167170280|02|2026|188
5551775746403707|07|2024|563
5551777255041225|07|2024|522
5551775735105412|03|2025|656
5551777442153057|01|2025|483
5551778144757435|09|2026|443
5551773356358865|08|2027|306
5551778465678558|05|2025|033
5551778282658007|03|2025|083
5551777372280177|03|2026|267
5551774646438434|10|2025|531
5551775576727688|06|2025|343
5551777201010845|11|2024|605
5551777602681517|03|2024|237
5551773157711783|08|2024|360
5551777532281677|12|2024|485
5551771461274274|01|2026|861
5551775402650021|06|2025|557
5551770352584601|04|2026|705
5551777874008555|01|2025|335
5551776412257575|06|2027|134
5551774534008042|08|2025|326
5551774266052820|05|2027|332
5551772740340217|09|2024|862
5551776884737385|03|2024|736
5551777865814508|05|2024|181
5551774481812206|02|2027|424
5551776880044273|12|2027|073
5551775374178001|10|2027|834
5551771313645317|12|2025|560
5551773832325124|09|2025|070
5551775104370571|09|2024|863
5551773818661047|11|2025|250
5551770481238681|09|2025|707
5551773108658414|11|2026|023
5551770337727804|07|2025|126
5551770638305078|12|2024|823
5551776726041665|12|2025|718
5551771570550465|06|2025|505
5551777877582432|05|2025|275
5551776536846022|11|2027|283
5551771045211180|10|2026|372
5551777515036874|12|2027|756
5551774201884576|05|2026|581
5551771046818116|05|2027|718
5551770133302208|04|2027|366
5551778224537608|10|2027|550
5551774407824368|04|2025|237
5551773802285647|04|2025|114
5551775561706747|11|2027|264
5551772676640812|11|2027|630
5551770237514831|12|2025|373
5551770442616033|04|2026|823
5551771777760677|02|2026|180
5551771855748248|07|2025|057
5551772274837711|06|2027|663
5551771776310540|05|2024|385
5551773727827747|01|2027|558
5551770585253545|05|2027|771
5551774277703817|12|2026|347
5551778047662773|11|2024|583
5551774153688165|08|2024|781
5551775711725175|10|2025|685
5551774326101104|05|2026|302
5551771636067447|04|2024|530
5551776830028871|11|2024|154
5551773541386433|06|2026|730
5551772317205454|01|2027|600
5551774672187285|05|2024|572
5551776655234364|02|2026|048
5551770278471586|01|2026|384
5551777141612551|06|2027|046
5551774548142308|03|2027|202
5551776636830488|03|2024|808
5551775657002704|03|2025|625
5551773764045815|10|2024|124
5551778173373146|09|2026|715
5551771521157162|03|2026|157
5551778741850468|07|2025|015
5551770534664214|05|2027|652
5551770146872734|10|2025|020
5551777580100514|04|2024|727
5551775135303807|07|2024|311
5551773007747458|06|2027|318
5551773024453346|08|2024|482
5551773141766604|10|2025|126
5551770362160772|07|2027|023
5551771166011757|12|2025|540
5551771382681870|03|2026|315
5551778443617108|07|2025|107
5551772543364455|09|2027|283
5551770333575744|09|2025|437
5551775416284601|08|2026|175
5551772221100130|12|2026|733
5551777011036634|01|2027|672
5551773313563565|10|2026|053
5551771550340101|01|2027|135
5551775366816345|03|2027|336
5551773074800834|03|2026|610
5551770215685587|09|2026|751
5551773410521128|06|2025|332
5551777533758483|09|2026|715
5551773320850047|01|2024|268
5551770210441671|08|2027|652
5551775845270684|01|2024|333
5551777668282002|10|2024|765
5551776834026145|08|2026|118
5551772502748060|01|2027|326
5551777687444724|11|2026|325
5551770623120623|02|2024|265
5551777611638466|02|2025|738
5551775160340385|12|2026|763
5551775223365262|06|2024|365
5551773045471046|01|2024|201
5551772012243404|05|2027|868
5551770475656351|01|2025|040
5551776304242032|11|2027|800
5551775466475331|06|2027|837
5551777400275447|12|2025|755
5551776052022354|09|2024|814
5551775317220431|08|2025|685
5551773855138040|08|2027|024
5551771206726505|12|2027|874
5551775348521708|05|2027|214
5551777534738138|05|2026|210
5551771064304080|11|2024|464
5551777218765464|12|2024|522
5551770406416636|05|2024|085
5551776340542056|05|2027|141
5551774276043637|06|2027|145
5551778723605773|05|2025|272
5551774820823245|10|2025|128
5551776326811277|03|2027|455
5551770018354274|02|2024|734
5551776615545370|08|2026|561
5551777111475278|06|2025|207
5551774357316175|09|2025|626
5551774566203651|10|2026|365
5551772154778142|11|2025|400
5551775533535125|01|2027|314
5551772361854355|08|2027|155
5551771404627273|08|2026|054
5551773832860864|06|2027|781
5551771563102084|04|2027|017
5551773487644217|06|2027|366
5551771704023314|04|2026|563
5551776806341225|08|2024|767
5551772632700445|03|2027|634
5551770602167074|12|2026|178
5551777650360212|01|2026|660
5551777671250038|12|2024|084
5551772781780123|09|2027|550
5551776540485361|03|2027|834
5551770377047162|02|2027|442
5551773382663452|06|2025|007
5551773852616626|03|2027|546
5551777060811184|08|2027|701
5551776864486011|09|2027|603
5551775245518708|04|2027|346
5551770371284563|04|2025|330
5551774630162842|09|2025|212
5551774122571682|08|2025|265
5551776601250746|09|2025|261
5551777107300811|08|2025|452
5551771452023185|09|2027|135
5551777240476783|05|2024|085
5551778315826472|11|2026|301
5551771311277436|10|2027|804
5551777388310570|09|2026|074
5551773802561617|08|2024|366
5551771666455264|01|2025|705
5551776237285660|03|2026|225
5551772463182655|01|2026|051
5551777860855217|08|2025|617
5551772025282233|04|2024|441
5551776435712143|11|2025|342
5551772438662856|04|2027|803
5551774723215770|02|2025|052
5551775261285224|12|2027|127
5551778720542557|08|2025|566
5551772816277350|10|2025|736
5551777338025674|08|2024|363
5551771244301667|04|2025|231
5551775555160554|08|2025|405
5551776364504735|12|2026|583
5551774075023012|03|2027|172
5551772037435340|10|2026|703
5551778041636856|12|2027|770
5551775265374628|09|2026|350
5551770428116834|04|2026|866
5551772462368057|06|2027|714
5551771106566688|07|2027|443
5551778354744735|10|2026|515
5551778636474358|07|2025|570
5551770050670447|07|2025|721
5551774614840553|05|2024|313
5551778447217863|08|2025|024
5551773470376710|05|2024|477
5551773113653822|05|2024|843
5551775524233607|09|2027|467
5551773717451128|05|2024|183
5551772413645637|01|2025|445
5551772178150385|01|2025|267
5551774716631082|08|2026|038
5551773306441514|01|2024|358
5551775020514187|10|2027|284
5551778478608204|11|2025|250
5551778036355868|05|2025|115
5551775355175547|02|2025|147
5551778826817473|03|2024|252
5551774770668038|04|2024|374
5551770254555725|01|2026|774
5551770624336087|11|2025|682
5551774846342782|11|2027|260
5551777375040172|07|2027|611
5551772685156388|01|2027|843
5551775132166876|04|2024|312
5551776430231354|01|2025|144
5551773586703864|03|2027|478
5551770436823124|01|2024|423
5551777608118258|06|2027|025
5551770538207333|04|2024|068
5551773566670877|02|2025|682
5551772030125443|02|2027|285
5551772535234021|08|2026|407
5551772530236070|12|2025|221
5551770845416817|10|2025|231
5551777433133571|09|2027|786
5551775846542073|02|2027|504
5551778647120867|10|2026|265
5551771225202587|10|2024|652
5551773025573472|09|2025|236
5551770432686715|06|2027|671
5551777467001736|02|2026|364
5551776672750160|08|2025|124
5551778706530717|04|2025|833
5551772026734448|12|2024|522
5551778333401787|03|2027|331
5551774814548030|10|2025|436
5551774024018048|09|2027|148
5551777312754562|03|2027|636
5551773261242782|06|2027|432
5551777652125860|03|2027|648
5551775665736525|01|2024|541
5551772452851542|02|2024|588
5551773344063411|08|2024|722
5551773500485465|11|2026|406
5551775361856452|10|2024|437
5551777642235514|12|2025|170
5551777142544233|06|2026|353
5551773362422382|08|2026|411
5551771261137614|06|2025|458
5551778862048108|11|2025|283
5551770585202161|05|2024|205
5551777128213027|04|2025|102
5551772010188254|04|2026|727
5551775855536040|11|2025|643
5551771330464544|09|2025|610
5551775615281440|11|2026|840
5551778106845830|11|2027|075
5551770435607700|02|2024|500
5551777436838010|03|2024|122
5551776081610500|08|2025|664
5551775113701022|11|2024|002
5551775455621705|12|2026|510
5551775067558378|01|2026|104
5551774087288678|11|2027|674
5551778730886846|01|2024|773
5551775120814131|02|2026|376
5551770828466136|06|2024|027
5551770834614216|09|2027|677
5551771837643475|03|2024|337
5551774668407382|09|2027|033
5551773708685700|02|2027|430
5551776640885718|11|2027|083
5551778161378511|01|2024|120
5551771608653042|09|2025|133
5551773250333816|06|2024|518
5551772671486765|01|2025|621
5551773405064233|06|2027|011
5551778712756603|06|2027|045
5551777433840860|03|2027|800
5551774541811461|03|2027|533
5551774182877334|07|2026|408
5551775327067210|08|2024|511
5551770461534638|01|2024|018
5551771234620225|08|2024|552
5551772246112078|01|2026|006
5551773873826477|01|2026|662
5551770224585356|07|2025|161
5551773747146615|12|2026|363
5551770077413276|04|2026|621
5551771554754067|07|2024|462
5551772256445186|01|2024|722
5551773121430841|10|2027|585
5551776124876324|09|2026|017
5551773248331252|03|2027|677
5551775430823103|05|2027|351
5551778631236372|04|2026|133
5551772332083571|12|2025|174
5551778374101114|11|2026|065
5551774607358464|05|2027|673
5551770502826175|05|2027|876
5551777008651106|01|2025|471
5551776801725026|04|2027|482
5551774575253481|03|2024|071
5551774232511537|10|2024|842
5551778655150830|04|2026|287
5551770836540526|09|2025|521
5551771301524227|08|2026|400
5551775373376531|11|2024|338
5551778513405517|02|2024|443
5551773027277700|08|2025|443
5551778080872800|01|2026|650
5551776856362030|12|2025|444
5551772568268672|05|2027|411
5551775612370121|06|2027|410
5551775448388255|03|2025|618
5551777072185676|10|2027|271
5551775852724680|07|2026|272
5551778408243858|04|2027|826
5551772068464854|10|2026|740
5551773705078818|05|2026|713
5551774387566674|12|2027|820
5551774883856587|03|2026|037
5551773002243578|08|2025|361
5551777401864264|08|2025|308
5551776213357442|10|2026|107
5551774260223476|02|2024|303
5551774687566143|03|2024|056
5551774702828585|02|2024|055
5551774172035620|09|2025|885
5551776001236006|12|2025|723
5551773421575055|01|2025|254
5551773786248181|12|2024|838
5551775238844145|10|2026|355
5551776033664845|12|2027|532
5551770604216028|11|2025|187
5551774730220466|09|2026|133
5551776675102302|06|2024|603
5551773282322233|01|2027|556
5551777152275371|08|2024|254
5551776840071457|07|2025|422
5551771588376671|08|2025|010
5551771433861083|05|2027|106
5551778357003436|10|2026|200
5551775105508682|02|2027|865
5551776216805785|10|2027|735
5551774744770050|09|2025|446
5551777737151147|06|2025|311
5551775370002502|09|2026|458
5551773473436164|09|2025|622
5551776402705112|12|2026|012
5551777713271711|01|2027|346
5551773067164461|08|2027|156
5551772431847843|08|2027|205
5551770808864367|08|2024|684
5551775311727860|11|2025|225
5551774616820561|06|2025|826
5551774334162528|09|2024|115
5551771444717027|01|2025|628
5551773620625073|09|2024|436
5551774121307823|11|2026|330
5551775206431248|09|2027|061
5551778053142843|08|2024|837
5551777466885170|05|2027|035
5551773373438716|12|2025|303
5551776882346411|10|2027|124
5551770310765540|07|2024|537
5551772345430405|04|2027|484
5551778271126461|09|2027|176
5551776816851775|03|2027|633
5551771246181034|06|2024|836
5551778183236010|07|2026|321
5551777772838608|04|2025|041
5551773603303342|05|2024|778
5551778752010754|06|2027|283
5551777257065081|07|2024|036
5551770427555214|07|2027|885
5551770384544847|02|2025|823
5551778672064550|08|2024|531
5551776006881632|06|2026|108
5551770805006632|11|2025|862
5551775810511682|12|2026|816
5551771215081454|06|2025|655
5551775232101732|08|2026|732
5551777460455574|09|2026|628
5551775846734548|02|2025|101
5551774881378535|10|2025|662
5551778653022213|04|2027|737
5551772877562351|09|2026|070
5551773677132825|05|2026|066
5551770615240348|10|2024|318
5551775068137222|02|2024|637
5551774782674180|04|2025|307
5551777003114381|03|2027|266
5551772866651371|12|2024|671
5551773057716148|10|2027|875
5551770438768673|12|2024|310
5551778586667225|12|2027|468
5551770206010084|12|2027|642
5551775524215604|02|2025|023
5551775861861804|05|2025|687
5551778808648045|11|2026|802
5551776846305222|05|2027|505
5551778004566132|02|2027|624
5551772775513027|04|2025|086
5551772010382238|02|2026|037
5551776208604733|11|2026|766
5551773524735358|10|2025|051
5551778416502477|07|2026|743
5551774220270864|11|2026|553
5551776614283064|01|2026|668
5551777004135484|05|2026|705
5551776628668474|02|2027|163
5551772384713562|09|2025|857
5551777323128681|07|2024|010
5551774154582227|07|2024|677
5551773611531447|10|2025|360
5551774840533345|08|2027|405
5551775173046102|01|2026|854
5551778836334154|12|2026|036
5551778841317400|06|2027|251
5551775718657215|10|2025|640
5551770768786808|01|2027|054
5551772163567155|01|2024|706
5551771745774644|02|2026|084
5551774557014083|07|2024|540
5551771053751747|04|2025|013
5551774760236556|05|2027|113
5551776820446455|08|2027|100
5551777482833576|10|2025|601
5551778802616535|11|2027|284
5551771187443278|08|2027|665
5551775003577243|12|2024|183
5551771443257348|11|2025|202
5551774466528108|07|2024|073
5551771831086580|05|2025|752
5551774010515338|10|2024|048
5551772258038781|05|2027|351
5551777684504546|05|2027|550
5551773550135564|07|2026|585
5551777781044602|11|2027|567
5551777214787660|11|2025|747
5551772417380876|05|2024|164
5551771714588082|06|2027|814
5551771357083714|10|2027|704
5551777123387255|07|2026|243
5551772457033781|05|2024|181
5551770102354677|04|2027|377
5551772042502720|10|2024|070
5551776841110163|02|2025|580
5551772623223183|04|2024|364
5551773074601737|01|2024|805
5551775482440665|04|2026|883
5551775318631131|11|2025|815
5551776771502413|05|2025|026
5551772603288248|06|2025|541
5551776241185443|10|2024|260
5551772021847278|08|2027|865
5551777781457135|05|2025|023
5551778431006678|03|2027|743
5551772522042056|03|2026|223
5551777315733274|05|2027|205
5551775355738567|07|2026|135
5551777521522834|12|2025|277
5551771530007572|12|2026|684
5551775688480366|04|2026|835
5551772413270212|08|2025|275
5551777145025644|07|2024|350
5551777065257813|12|2025|221
5551774151061217|01|2026|108
5551777658642652|09|2027|056
5551773101102873|09|2026|417
5551775160006457|09|2024|164
5551776588474152|03|2027|414
5551775068740546|10|2025|862
5551773021187806|06|2027|284
5551771741718017|06|2026|728
5551776272374635|06|2027|328
5551776254574566|07|2024|137
5551774853840512|02|2026|115
5551772013447756|11|2025|325
5551776422115854|12|2027|233
5551774755658202|08|2026|511
5551772207775764|01|2026|714
5551775354003625|10|2024|488
5551774112201423|01|2025|682
5551772181020336|02|2026|684
5551778525425321|12|2024|033
5551774056134762|05|2027|004
5551777583640870|05|2024|060
5551774070033503|07|2026|752
5551775568247026|06|2025|260
5551775315287143|08|2024|787
5551776323203221|11|2024|658
5551773256641345|01|2025|382
5551772864787052|03|2025|461
5551776080213223|09|2026|328
5551774334015643|11|2026|700
5551772254377670|03|2024|163
5551777821261786|02|2025|014
5551771583768054|11|2027|034
5551772203751454|01|2026|185
5551772428435115|04|2025|682
5551773024025128|10|2024|253
5551771874506106|05|2024|178
5551773546167432|11|2025|103
5551776285036874|09|2024|070
5551774701864763|01|2024|771
5551777473027212|06|2027|544
5551772747416473|11|2027|418
5551774710358450|11|2025|235
5551772670137666|11|2026|266
5551770385683008|02|2027|332
5551773163108354|03|2026|565
5551773604426886|11|2026|538
5551774321731574|02|2027|321
5551775565156725|05|2026|684
5551778207408652|04|2026|077
5551777486164648|12|2027|632
5551778880446433|11|2024|406
5551777183654271|01|2025|158
5551776805861678|05|2025|277
5551774488273774|12|2024|128
5551773808515013|03|2024|710
5551776480524708|10|2027|172
5551778854246181|08|2026|834
5551772551568583|02|2025|626
5551771407557303|09|2024|311
5551775611358366|01|2024|861
5551770367077831|08|2027|156
5551777582732157|10|2025|518
5551774525403475|10|2025|313
5551775824811482|09|2026|126
5551776876610475|11|2027|455
5551774244758340|10|2026|873
5551773442623306|06|2027|288
5551771448207652|03|2024|784
5551776567628331|10|2026|384
5551772252430521|01|2024|861
5551771238264475|09|2024|572
5551771765125065|02|2026|117
5551775518516785|11|2026|853
5551772160138455|04|2027|743
5551770118250778|04|2027|273
5551775835455014|06|2025|776
5551772455103743|03|2025|271
5551771003531207|11|2024|473
5551774885868275|06|2027|262
5551775243002010|05|2026|852
5551772263625614|09|2026|775
5551770004750857|01|2026|416
5551778742386736|10|2024|278
5551771254336520|07|2025|022
